8
6
2
96
57
12
77
88
15
73
80
63
30
118
669
226
857
407
177
917
938
814
436
6453
7589
6589
8007
8658
7196
8809
3724
9647
6712
23018
38388
48246
74742
39868
60278
70028
12396
11712
32712
747600
325400
536940
317840
441140
518320
116480
614100
641720
100660
2910400
3163000
7101400
1904200
4333600
6627800
5004400
6766200
2290200
2790400
27590000
22580000
39428000
64286000
12440000
41134000
20030000
15864000
12276000
38750000
425920000
126680000
205220000
314780000
372400000
345900000
330240000
613700000
183860000
426520000
556500000
180640000
383680000
279700000
311040000
303400000
695340000
132440000
392900000
370720000
543960000
743280000
441740000
633340000
685500000
234980000
657160000
0
