4 10 13
0 0 0
6 8 18
0 0 0
1 14 51
1 3 6
2 4 6
100 100 100
100 100 100
56 392 1702
15 404 1741
324 419 1391
25 364 1435
12 85 1113
34 40 369
230 277 780
71 202 1326
49 345 2375
372 444 988
54 386 1976
22 420 1932
4 42 658
160 304 1433
226 238 624
15 212 1278
74 108 489
45 88 701
57 99 694
23 201 1618
11 23 368
3 148 1516
13 18 272
86 190 1118
220 273 710
17 98 856
245 298 1362
161 412 1846
171 264 1255
6 394 3349
10 34 419
57 81 387
10 280 1170
82 142 1088
95 175 809
48 327 2732
2 57 854
12 27 529
45 258 1448
18 39 395
62 261 1325
102 383 1827
138 344 1579
172 405 1206
7 12 351
5 89 782
89 106 588
1 84 714
1 11 411
113 211 980
39 311 1562
2 176 1922
221 298 986
312 474 1083
47 335 1714
1 11 360
3 27 556
17 35 321
19 47 328
12 50 888
6 8 167
80 173 581
2 16 207
1 93 837
4 107 962
410 465 1419
4 16 547
188 416 2617
6 7 189
282 436 1025
9 46 433
9 32 450
128 143 379
54 177 2506
145 221 635
18 55 720
5 151 1813
10 37 745
103 184 727
11 75 996
35 81 912
182 207 516
13 318 2395
65 91 656
23 34 335
211 356 772
14 144 1262
3 17 536
22 33 414
16 113 782
102 142 1232
47 106 964
63 83 593
96 112 723
2 132 1177
117 168 636
5 8 136
19 193 2241
212 358 1545
41 161 980
11 40 523
3 14 277
219 250 949
31 107 823
1 460 3297
2 165 990
13 32 268
2 264 1048
4 4 87
1 2 102
26 169 1610
1 1 53
170 199 845
132 304 1844
60 78 869
55 100 544
35 60 634
240 285 1018
10 22 485
153 345 1300
40 104 883
220 244 705
21 44 1094
22 81 871
192 333 1532
2 54 582
27 85 765
18 112 775
11 35 497
5 358 2325
252 340 1216
126 198 893
5 55 1143
6 55 518
18 79 953
5 110 610
18 219 1269
29 149 1270
81 167 644
3 14 410
198 219 641
5 190 1220
289 401 1565
6 353 1646
4 51 1003
16 116 1108
75 138 626
56 146 1644
290 328 892
1 14 219
8 125 1213
100 171 865
10 268 2101
6 23 584
57 303 1493
33 319 2335
1 54 1134
78 143 577
186 229 721
97 399 1700
239 348 1404
190 236 1128
23 214 2346
1 301 1366
299 336 510
182 274 1124
17 215 1435
48 345 2707
95 124 418
7 66 997
45 55 296
1 43 928
160 200 850
254 414 1514
10 93 1460
16 73 1022
12 84 1418
27 103 1129
38 98 898
20 50 486
22 41 713
11 33 652
75 171 846
22 232 1802
84 454 2298
103 116 613
82 119 479
45 96 942
45 74 703
44 81 645
19 57 394
58 98 818
123 207 1599
11 17 234
20 280 1398
118 217 781
1 375 3179
1 11 188
108 217 1421
43 60 493
