10
10 3
1 2
1 3
1 4
1 5
1 6
1 7
1 8
1 9
1 10
100 5
1 2
1 3
1 4
1 5
1 6
1 7
1 8
1 9
1 10
1 11
1 12
1 13
1 14
1 15
1 16
1 17
1 18
1 19
1 20
1 21
1 22
1 23
1 24
1 25
1 26
1 27
1 28
1 29
1 30
1 31
1 32
1 33
1 34
1 35
1 36
1 37
1 38
1 39
1 40
1 41
1 42
1 43
1 44
1 45
1 46
1 47
1 48
1 49
1 50
1 51
1 52
1 53
1 54
1 55
1 56
1 57
1 58
1 59
1 60
1 61
1 62
1 63
1 64
1 65
1 66
1 67
1 68
1 69
1 70
1 71
1 72
1 73
1 74
1 75
1 76
1 77
1 78
1 79
1 80
1 81
1 82
1 83
1 84
1 85
1 86
1 87
1 88
1 89
1 90
1 91
1 92
1 93
1 94
1 95
1 96
1 97
1 98
1 99
1 100
200 7
1 2
1 3
1 4
1 5
1 6
1 7
1 8
1 9
1 10
1 11
1 12
1 13
1 14
1 15
1 16
1 17
1 18
1 19
1 20
1 21
1 22
1 23
1 24
1 25
1 26
1 27
1 28
1 29
1 30
1 31
1 32
1 33
1 34
1 35
1 36
1 37
1 38
1 39
1 40
1 41
1 42
1 43
1 44
1 45
1 46
1 47
1 48
1 49
1 50
1 51
1 52
1 53
1 54
1 55
1 56
1 57
1 58
1 59
1 60
1 61
1 62
1 63
1 64
1 65
1 66
1 67
1 68
1 69
1 70
1 71
1 72
1 73
1 74
1 75
1 76
1 77
1 78
1 79
1 80
1 81
1 82
1 83
1 84
1 85
1 86
1 87
1 88
1 89
1 90
1 91
1 92
1 93
1 94
1 95
1 96
1 97
1 98
1 99
1 100
1 101
1 102
1 103
1 104
1 105
1 106
1 107
1 108
1 109
1 110
1 111
1 112
1 113
1 114
1 115
1 116
1 117
1 118
1 119
1 120
1 121
1 122
1 123
1 124
1 125
1 126
1 127
1 128
1 129
1 130
1 131
1 132
1 133
1 134
1 135
1 136
1 137
1 138
1 139
1 140
1 141
1 142
1 143
1 144
1 145
1 146
1 147
1 148
1 149
1 150
1 151
1 152
1 153
1 154
1 155
1 156
1 157
1 158
1 159
1 160
1 161
1 162
1 163
1 164
1 165
1 166
1 167
1 168
1 169
1 170
1 171
1 172
1 173
1 174
1 175
1 176
1 177
1 178
1 179
1 180
1 181
1 182
1 183
1 184
1 185
1 186
1 187
1 188
1 189
1 190
1 191
1 192
1 193
1 194
1 195
1 196
1 197
1 198
1 199
1 200
150 3
1 2
2 3
3 4
4 5
5 6
6 7
7 8
8 9
9 10
10 11
11 12
12 13
13 14
14 15
15 16
16 17
17 18
18 19
19 20
20 21
21 22
22 23
23 24
24 25
25 26
26 27
27 28
28 29
29 30
30 31
31 32
32 33
33 34
34 35
35 36
36 37
37 38
38 39
39 40
40 41
41 42
42 43
43 44
44 45
45 46
46 47
47 48
48 49
49 50
50 51
51 52
52 53
53 54
54 55
55 56
56 57
57 58
58 59
59 60
60 61
61 62
62 63
63 64
64 65
65 66
66 67
67 68
68 69
69 70
70 71
71 72
72 73
73 74
74 75
75 76
76 77
77 78
78 79
79 80
80 81
81 82
82 83
83 84
84 85
85 86
86 87
87 88
88 89
89 90
90 91
91 92
92 93
93 94
94 95
95 96
96 97
97 98
98 99
99 100
100 101
101 102
102 103
103 104
104 105
105 106
106 107
107 108
108 109
109 110
110 111
111 112
112 113
113 114
114 115
115 116
116 117
117 118
118 119
119 120
120 121
121 122
122 123
123 124
124 125
125 126
126 127
127 128
128 129
129 130
130 131
131 132
132 133
133 134
134 135
135 136
136 137
137 138
138 139
139 140
140 141
141 142
142 143
143 144
144 145
145 146
146 147
147 148
148 149
149 150
10 5
1 2
2 3
3 4
4 5
5 6
6 7
7 8
8 9
9 10
190 2
1 2
2 3
3 4
4 5
5 6
6 7
7 8
8 9
9 10
10 11
11 12
12 13
13 14
14 15
15 16
16 17
17 18
18 19
19 20
20 21
21 22
22 23
23 24
24 25
25 26
26 27
27 28
28 29
29 30
30 31
31 32
32 33
33 34
34 35
35 36
36 37
37 38
38 39
39 40
40 41
41 42
42 43
43 44
44 45
45 46
46 47
47 48
48 49
49 50
50 51
51 52
52 53
53 54
54 55
55 56
56 57
57 58
58 59
59 60
60 61
61 62
62 63
63 64
64 65
65 66
66 67
67 68
68 69
69 70
70 71
71 72
72 73
73 74
74 75
75 76
76 77
77 78
78 79
79 80
80 81
81 82
82 83
83 84
84 85
85 86
86 87
87 88
88 89
89 90
90 91
91 92
92 93
93 94
94 95
95 96
96 97
97 98
98 99
99 100
100 101
101 102
102 103
103 104
104 105
105 106
106 107
107 108
108 109
109 110
110 111
111 112
112 113
113 114
114 115
115 116
116 117
117 118
118 119
119 120
120 121
121 122
122 123
123 124
124 125
125 126
126 127
127 128
128 129
129 130
130 131
131 132
132 133
133 134
134 135
135 136
136 137
137 138
138 139
139 140
140 141
141 142
142 143
143 144
144 145
145 146
146 147
147 148
148 149
149 150
150 151
151 152
152 153
153 154
154 155
155 156
156 157
157 158
158 159
159 160
160 161
161 162
162 163
163 164
164 165
165 166
166 167
167 168
168 169
169 170
170 171
171 172
172 173
173 174
174 175
175 176
176 177
177 178
178 179
179 180
180 181
181 182
182 183
183 184
184 185
185 186
186 187
187 188
188 189
189 190
15 2
1 2
2 3
1 4
1 5
4 6
6 7
3 8
5 9
2 10
9 11
8 12
6 13
10 14
2 15
150 3
1 2
1 3
1 4
2 5
1 6
3 7
6 8
6 9
3 10
1 11
7 12
10 13
6 14
11 15
3 16
9 17
12 18
5 19
17 20
8 21
20 22
13 23
21 24
1 25
5 26
24 27
15 28
24 29
27 30
13 31
26 32
4 33
3 34
30 35
20 36
35 37
8 38
37 39
6 40
7 41
26 42
34 43
16 44
7 45
35 46
41 47
33 48
2 49
24 50
20 51
22 52
4 53
5 54
18 55
48 56
48 57
22 58
40 59
3 60
25 61
35 62
59 63
18 64
25 65
45 66
64 67
43 68
6 69
42 70
40 71
65 72
27 73
40 74
35 75
29 76
43 77
30 78
4 79
12 80
80 81
80 82
61 83
28 84
80 85
62 86
44 87
83 88
15 89
60 90
24 91
36 92
31 93
36 94
42 95
79 96
66 97
39 98
10 99
84 100
92 101
82 102
33 103
23 104
83 105
66 106
64 107
36 108
101 109
70 110
42 111
11 112
108 113
64 114
100 115
9 116
31 117
86 118
101 119
1 120
4 121
99 122
25 123
58 124
15 125
14 126
64 127
70 128
104 129
90 130
27 131
57 132
53 133
107 134
112 135
105 136
136 137
24 138
105 139
43 140
90 141
89 142
83 143
88 144
22 145
15 146
123 147
89 148
140 149
19 150
197 10
1 2
2 3
2 4
4 5
4 6
4 7
6 8
8 9
4 10
9 11
3 12
3 13
8 14
13 15
7 16
6 17
14 18
16 19
8 20
10 21
18 22
1 23
6 24
13 25
9 26
5 27
22 28
20 29
16 30
21 31
21 32
30 33
15 34
6 35
31 36
12 37
33 38
34 39
13 40
14 41
20 42
19 43
14 44
20 45
36 46
35 47
36 48
42 49
8 50
47 51
19 52
12 53
46 54
19 55
47 56
6 57
31 58
45 59
41 60
30 61
3 62
15 63
50 64
1 65
28 66
36 67
10 68
28 69
22 70
27 71
12 72
27 73
70 74
72 75
70 76
76 77
11 78
67 79
34 80
42 81
54 82
40 83
41 84
48 85
70 86
62 87
8 88
12 89
68 90
47 91
87 92
1 93
13 94
84 95
62 96
38 97
17 98
86 99
8 100
6 101
84 102
28 103
92 104
46 105
36 106
13 107
74 108
48 109
21 110
47 111
105 112
101 113
65 114
106 115
35 116
61 117
93 118
12 119
78 120
67 121
5 122
48 123
38 124
107 125
71 126
13 127
11 128
26 129
91 130
24 131
97 132
86 133
37 134
85 135
90 136
100 137
104 138
16 139
63 140
9 141
60 142
103 143
136 144
91 145
100 146
38 147
129 148
13 149
97 150
106 151
20 152
1 153
57 154
55 155
78 156
121 157
32 158
141 159
17 160
28 161
150 162
66 163
68 164
70 165
56 166
14 167
59 168
84 169
87 170
69 171
30 172
39 173
17 174
67 175
128 176
145 177
91 178
7 179
116 180
16 181
38 182
72 183
131 184
32 185
131 186
179 187
176 188
38 189
9 190
155 191
5 192
153 193
67 194
56 195
194 196
74 197
197 1
1 2
1 3
3 4
1 5
1 6
1 7
4 8
1 9
1 10
8 11
11 12
11 13
9 14
7 15
2 16
15 17
10 18
4 19
11 20
20 21
9 22
3 23
12 24
16 25
5 26
6 27
10 28
23 29
7 30
26 31
13 32
24 33
26 34
3 35
10 36
2 37
22 38
32 39
2 40
22 41
15 42
16 43
3 44
26 45
29 46
25 47
18 48
17 49
20 50
32 51
4 52
14 53
14 54
48 55
48 56
41 57
11 58
6 59
28 60
51 61
20 62
35 63
50 64
27 65
59 66
60 67
50 68
49 69
57 70
51 71
31 72
34 73
6 74
41 75
23 76
14 77
16 78
2 79
36 80
38 81
43 82
67 83
69 84
32 85
51 86
84 87
70 88
87 89
50 90
59 91
90 92
24 93
39 94
73 95
10 96
55 97
62 98
39 99
26 100
58 101
20 102
35 103
41 104
14 105
66 106
61 107
106 108
23 109
19 110
103 111
65 112
51 113
14 114
49 115
103 116
76 117
66 118
95 119
93 120
93 121
10 122
118 123
36 124
39 125
105 126
102 127
62 128
23 129
115 130
91 131
94 132
105 133
70 134
131 135
25 136
65 137
12 138
13 139
75 140
23 141
46 142
116 143
95 144
133 145
38 146
78 147
30 148
122 149
97 150
78 151
54 152
122 153
126 154
40 155
152 156
40 157
55 158
151 159
27 160
24 161
93 162
11 163
75 164
62 165
155 166
92 167
158 168
116 169
149 170
127 171
15 172
170 173
81 174
65 175
64 176
61 177
12 178
43 179
152 180
122 181
113 182
51 183
170 184
141 185
126 186
165 187
29 188
42 189
131 190
70 191
135 192
83 193
136 194
144 195
173 196
184 197
